TxHash:0x623f7bf53a1065e8fc86e3f37d2d96e605f1e192adaf1e8146d1ec34531c2d35 TxReceipt Status:SuccessBlock Height:5891571 (29835 block confirmations)TimeStamp:5 days 2 hrs ago (Jul-02-2018 08:57:41 AM +UTC)From:0x88e11a0b87679299eed84e7a9d862b108495184bTo:Contract 0xf3c9d88bf55f368a36ecbf47afbac07490235b56  Token Transfered:
 From 0x88e11a0b87679299eed84e7a9d862b108495184bTo 0xf3c9d88bf55f368a36ecbf47afbac07490235b56for  500 ERC20 (MOTT)
Value: 0 Ether ($0.00) Gas Limit: 60000 Gas Used By Txn: 52090 Gas Price: 0.000000078 Ether (78 Gwei) Actual Tx Cost/Fee: 0.00406302 Ether ($1.91) Nonce & {Position}:10 | {8} Input Data
